LogLevel=1
#if ParamVersion changed, cocf.fw will be regenerated
ParamVersion=2
FWVersion=1061368
PanelCalibration=1
PanelNitsCalibration=1
CMDebug=1
DualInterpolation=1
inParam100nits=1
ForcePanelIdMatch=1
GammaCorrection=1
GammaWK=1
ColorGamutExtension=1
Frame=12
Step=1
sLuxStart=10000
sLuxEnd=60000
sLuxExit=3000
Mdealy=100
RGB_XY_100_75_Step=0.031008,-0.009456,-0.006348,0.068120,-0.005520,-0.004656,0.031008,-0.009456,-0.006348,0.068120,-0.005520,-0.004656

#PanelName=PanelId, PanelName:be set at dts, PanelId: 0~99:primary panel(default without setting), 100~199: secondary panel
23205_A0014_P_7_Vivid=0.6790 0.3205 0.2680 0.6850 0.1480 0.0580 0.3023 0.3133 2.2  0.6760 0.3200 0.2695 0.6770 0.1530 0.0650 0.3023 0.3133  2.2  1  0  0  0  0  0  0  2.15  1  1  0  0  0  0  0  0.03  0.05  0.05  0.05  0.02  1  0  0  0  0  0  0  0  0  0  0  0  0  1  0  0  0  0  0  0  0  0  0  0  0  0  0  0  0  0  0  0  0  0  0  0  0  0  0  0  0  0  0  0  0  0  0  0
23205_A0014_P_7_Nature=0.6345 0.3320 0.3040 0.5880 0.1520 0.0620 0.3090 0.3200 2.2  0.6355 0.3340 0.3055 0.5875 0.1510 0.0635 0.3090 0.3200  2.2  1  0  0  0  0  0  0  2.2  1  1  0  0  0  0  0  0.03  0.03  0.03  0.03  0.00  1  0  0  0  0  0  0  0  0  0  0  0  0  1  0  0  0  0  0  0  0  0  0  0  0  0  0  0  0  0  0  0  0  0  0  0  0  0  0  0  0  0  0  0  0  0  0  0
23205_A0014_P_7_Cinema=0.6810 0.3200 0.2650 0.6900 0.1505 0.0620 0.3090 0.3200 2.2  0.6815 0.3180 0.2655 0.6890 0.1500 0.0635 0.3090 0.3200  2.2  1  0  0  0  0  0  0  2.2  1  1  0  0  0  0  0  0.03  0.03  0.03  0.03  0.00  1  0  0  0  0  0  0  0  0  0  0  0  0  1  0  0  0  0  0  0  0  0  0  0  0  0  0  0  0  0  0  0  0  0  0  0  0  0  0  0  0  0  0  0  0  0  0  0
23205_A0014_P_7_LsRGB=0.6425 0.3330 0.3050 0.5865 0.1470 0.0580 0.3023 0.3133 2.2  0.6400 0.3300 0.3055 0.5835 0.1535 0.0650 0.3023 0.3133  2.2  1  0  0  0  0  0  0  2.15  1  1  0  0  0  0  0  0.03  0.05  0.05  0.05  0.02  1  0  0  0  0  0  0  0  0  0  0  0  0  1  0  0  0  0  0  0  0  0  0  0  0  0  0  0  0  0  0  0  0  0  0  0  0  0  0  0  0  0  0  0  0  0  0  0
23205_A0014_P_7_EsRGB=0.6702 0.3250 0.2757 0.6826 0.1396 0.0468 0.3023 0.3133 0.4545454545 20 1  0.64  0.33  0.30  0.60  0.15  0.06  0.3023 0.3133  0.4545454545  0.026  0.013  0.252  0.515  -24  0.04  0.02  0.252  0.515  -24  10
23205_A0014_P_7_EP3=0.6702   0.3250 0.2757 0.6826 0.1396 0.0468 0.3023 0.3133 0.4545454545 20 1  0.64  0.33  0.30  0.60  0.15  0.06  0.3023 0.3133  0.4545454545  0.026  0.013  0.252  0.515  -24  0.04  0.02  0.252  0.515  -24  10

23205_A0014_P_7_Vivid_100nits=0.6800 0.3200 0.2680 0.6850 0.1500 0.0590 0.3023 0.3133 2.2  0.6800 0.3200 0.2680 0.6850 0.1490 0.0610 0.3023 0.3133 2.2  1  0  0  0  0  0  0  2.16  1  1  0  0  0  0  0  0  0  0  0  0  1  0  0  0  0  0  0  0  0  0  0  0  0  1  0  0  0  0  0  0  0  0  0  0  0  0  0  0  0  0  0  0  0  0  0  0  0  0  0  0  0  0  0  0  0  0  0  0
23205_A0014_P_7_Nature_100nits=0.6400 0.3320 0.3040 0.5930 0.1520 0.0620 0.3090 0.3200 2.2  0.6390 0.3345 0.3005 0.5985 0.1515 0.0640 0.3090 0.3200 2.2  1  0  0  0  0  0  0  2.2  1  1  0  0  0  0  0  0.03  0.03  0.03  0.03  0.02  1  0  0  0  0  0  0  0  0  0  0  0  0  1  0  0  0  0  0  0  0  0  0  0  0  0  0  0  0  0  0  0  0  0  0  0  0  0  0  0  0  0  0  0  0  0  0  0
23205_A0014_P_7_Cinema_100nits=0.680 0.3200 0.2650 0.6900 0.1500 0.0610 0.3090 0.3200 2.2  0.6800 0.3200 0.2650 0.6900 0.1510 0.0625 0.3090 0.3200 2.2  1  0  0  0  0  0  0  2.2  1  1  0  0  0  0  0  0.02  0.03  0.02  0.02  0.00  1  0  0  0  0  0  0  0  0  0  0  0  0  1  0  0  0  0  0  0  0  0  0  0  0  0  0  0  0  0  0  0  0  0  0  0  0  0  0  0  0  0  0  0  0  0  0  0
23205_A0014_P_7_LsRGB_100nits=0.6480 0.3300 0.3030 0.5940 0.1470 0.0580 0.3023 0.3133 2.2  0.6500 0.3305 0.3030 0.5940 0.1490 0.0610 0.3023 0.3133 2.2  1  0  0  0  0  0  0  2.16  1  1  0  0  0  0  0  0  0  0  0  0  1  0  0  0  0  0  0  0  0  0  0  0  0  1  0  0  0  0  0  0  0  0  0  0  0  0  0  0  0  0  0  0  0  0  0  0  0  0  0  0  0  0  0  0  0  0  0  0
23205_A0014_P_7_EsRGB_100nits=0.6702 0.3250 0.2757 0.6826 0.1396 0.0468 0.3023 0.3133 0.4545454545 20  1  0.64  0.33  0.30  0.60  0.15  0.06  0.3023 0.3133 0.4545454545  0.026  0.013  0.252  0.515  -24  0.04  0.02  0.252  0.515  -24  10
23205_A0014_P_7_EP3_100nits=0.6702   0.3250 0.2757 0.6826 0.1396 0.0468 0.3023 0.3133 0.4545454545 20  1  0.64  0.33  0.30  0.60  0.15  0.06  0.3023 0.3133 0.4545454545  0.026  0.013  0.252  0.515  -24  0.04  0.02  0.252  0.515  -24  10

23205_A0014_P_7_Vivid_2nits=0.6820  0.3200  0.2650 0.6900 0.1445 0.0530 0.3023 0.3133 2.2  0.6845 0.3200 0.2650 0.6900 0.1450 0.0550 0.3023 0.3133 2.2  1  0  0  0  0  0  0  2.2  1  1 0.3 0.3 0 0  0  0  0  0  0  0  1  0  0  0  0  0  0  0  0  0  0  0  0  1  0  0  0  0  0  0  0  0  0  0  0  0  0  0  0  0  0  0  0  0  0  0  0  0  0  0  0  0  0  0  0  0  0  0
23205_A0014_P_7_Nature_2nits=0.6500 0.3290  0.3000 0.6000 0.1490 0.0560 0.3090 0.3200 2.2  0.6520 0.3325 0.3000 0.5950 0.1500 0.0560 0.3090 0.3200 2.2  1  0  0  0  0  0  0  2.2  1  1  0  0  0  0  0  0  0  0  0  0  1  0  0  0  0  0  0  0  0  0  0  0  0  1  0  0  0  0  0  0  0  0  0  0  0  0  0  0  0  0  0  0  0  0  0  0  0  0  0  0  0  0  0  0  0  0  0  0
23205_A0014_P_7_Cinema_2nits=0.6820  0.3200  0.2650 0.6900 0.1500 0.0550 0.3090 0.3200 2.2  0.6845 0.3200 0.2650 0.6900 0.1500 0.0550 0.3090 0.3200 2.2  1  0  0  0  0  0  0  2.2  1  1  0  0  0  0  0  0  0  0  0  0  1  0  0  0  0  0  0  0  0  0  0  0  0  1  0  0  0  0  0  0  0  0  0  0  0  0  0  0  0  0  0  0  0  0  0  0  0  0  0  0  0  0  0  0  0  0  0  0
23205_A0014_P_7_LsRGB_2nits=0.6590  0.3290  0.3000 0.6010 0.1440 0.0530 0.3023 0.3133 2.2  0.6595 0.3300 0.3000 0.6000 0.1450 0.0530 0.3023 0.3133 2.2  1  0  0  0  0  0  0  2.2  1  1 0.3 0.3 0 0  0  0  0  0  0  0  1  0  0  0  0  0  0  0  0  0  0  0  0  1  0  0  0  0  0  0  0  0  0  0  0  0  0  0  0  0  0  0  0  0  0  0  0  0  0  0  0  0  0  0  0  0  0  0
23205_A0014_P_7_EsRGB_2nits=0.6702  0.3250  0.2757 0.6826 0.1396 0.0468 0.3023 0.3133 0.4545454545 20  1  0.64  0.33  0.30  0.60  0.15  0.06  0.3023 0.3133 0.4545454545  0.026  0.013  0.252  0.515  -24  0.04  0.02  0.252  0.515  -24  10
23205_A0014_P_7_EP3_2nits=0.6702    0.3250  0.2757 0.6826 0.1396 0.0468 0.3023 0.3133 0.4545454545 20  1  0.64  0.33  0.30  0.60  0.15  0.06  0.3023 0.3133 0.4545454545  0.026  0.013  0.252  0.515  -24  0.04  0.02  0.252  0.515  -24  10
